

                              g e n e r a l i z e d   s t r e s s e s



           1  -136.96      -351.24      -666.39       5.1577      -502.60       3.4253    
           2  -90.179      -237.35      -625.55      -104.60      -485.70      -5.9076    
           3   87.590       92.495       590.38       39.038      -477.81       11.352    
           4   131.85       204.25       624.59      -70.874      -475.57       4.5053    
           5  -20.122      -69.957      -364.09       58.031       52.721       1.5786    
           6  -20.387      -119.09      -196.57       13.815       71.055       2.1841    
           7  -28.379      -85.643      -375.00      -37.094       54.978      -5.9610    
           8  -19.324      -114.56      -197.76      -23.448       69.281      -2.7092    
           9   55.452       196.13       447.31       54.231       53.086      -5.4913    
          10   56.941       33.430       232.26       15.711       47.815      -9.2100    
          11   48.634       181.99       439.15      -41.147       49.739      0.24094    
          12   63.176       43.046       243.15      -21.905       50.777       9.9118    


         tresca        mises         mean        p r i n c i p a l   v a l u e s
       intensity    intensity       normal       minimum   intermediate   maximum
                                  intensity


           1   1053.5       985.24      -384.86      -1035.6      -136.96       17.940    
           2   1083.7       984.96      -317.69      -959.19      -118.39       124.49    
           3   1083.0       969.66       256.82      -202.65       92.764       880.36    
           4   1055.2       951.84       320.23      -118.55       142.64       936.61    
           5   394.06       349.44      -151.39      -373.46      -101.31       20.599    
           6   221.46       197.80      -112.02      -238.88      -79.738      -17.427    
           7   377.48       341.87      -163.01      -385.09      -96.316      -7.6114    
           8   225.82       199.97      -110.55      -237.37      -82.741      -11.542    
           9   422.42       368.22       232.96       35.723       205.03       458.14    
          10   228.05       208.00       107.54       15.270       64.038       243.32    
          11   412.11       361.54       223.26       36.469       184.74       448.57    
          12   236.99       214.21       116.46       18.420       75.546       255.41    
1

                              n o d a l   p o i n t   d a t a
